0 0.146799 0.726786 0.291526 0.501069
0 0.367553 0.639621 0.215235 0.664217
0 0.517594 0.495726 0.193264 0.409501
60 0.694239 0.793347 0.611522 0.374412
0 0.72347 0.493112 0.15024 0.274806
0 0.629769 0.462585 0.136973 0.329823
56 0.293206 0.646895 0.0922085 0.436919
39 0.954911 0.813057 0.0473879 0.159264
39 0.573471 0.849781 0.0435902 0.148813
56 0.87625 0.554384 0.113853 0.279408
56 0.0190626 0.794087 0.0380448 0.0813736
58 0.849088 0.137272 0.208802 0.271652
49 0.863075 0.895885 0.0549691 0.087026
75 0.793627 0.284801 0.0551335 0.117216
41 0.852201 0.706891 0.036319 0.0785311
